
[D]
00 00 00 00 
3e c7 72 4e 
c0 16 ec 88 
40 6b 38 61 
41 04 b1 77


r14 = 0x10010662   
r15 = 0x1001064e
r16 = 0x1001063a   
r17 = 0x10010626   
r18 = 0x10010612

z
{
 10 01 06 12 
 10 01 06 26 
 10 01 06 3a 
 10 01 06 4e 
 10 01 06 62 
}

[D]
00000000 / 3ec7724e / c016ec88 / 406b3861 / 4104b177

[E]
00000000 / 29800000 / 00000000 / 31000000 / 00000000

//0x10010612:
[z0] 3f800000 / 00000000 / 00000000 / 00000000 / 00000000 
[z1] 00000000 / bf46ea79 / 3eb2be3f / 3f03c149 / 3dc77dce
[z2] 00000000 / 3e72dbdc / bf16102c / 3f303e3d / 3eb5de97
[z3] 00000000 / 3ec8091b / 3f1e6b89 / 3d29596c / 3f2e22ef 
[z4] 00000000 / bedd9e3a / bec753d3 / bf02653a / 3f223d3a 



Convertendo: http://babbage.cs.qc.edu/IEEE-754/32bit.html
[D] 0 / 0.38954395055770874 / -2.358186721801758 / 3.675316095352173 / 8.293326377868652
[E] 0 / 5.684341886080802e-14 / 0 / 1.862645149230957e-9 / 0

[Z]
[z1] -0.7770152688026428 /  0.3491077125072479  / 0.5146680474281311  / 0.09740792214870453
[z2] 0.23716682195663452 / -0.5861842632293701  / 0.6884496808052063  / 0.35521385073661804
[z3] 0.3906944692134857  / 0.6188283562660217   / 0.04134504497051239 / 0.6802205443382263
[z4] -0.432847797870636  / -0.38931140303611755 / -0.5093570947647095 / 0.6337467432022095
 
/*RESULTADOS ESPERADOS
[D]
 0.389544 -2.358187 3.675316 8.293326
[E]
 0.000000 0.000000 0.000000 0.000000
(0.0000000000000568 0.000000 0.0000000018626451 0.000000)
[Z]
 [z1] -0.777015  0.349108  0.514668 0.097408
 [z2]  0.237167 -0.586184  0.688450 0.355214
 [z3]  0.390694  0.618828  0.041345 0.680221
 [z4] -0.432848 -0.389311 -0.509357 0.633747
*/

CONSTANTES
{
 3f 00 00 00 
 3f 80 00 00 
 40 00 00 00
}


[2147351984]
0.00000000000005684341886080801486968994140625000000
 0.000000
0.00000000186264514923095703125000000000000000000000
 0.000000

 
 